[MAP_INFO]
levelWidth=3000
isUnderwater=true
spawnX=50
spawnY=600

[PHYSICS]
gravity=0.3
jumpStrength=-9.0
speed=5.5
friction=0.92

[COLORS]
# Maze theme - mysterious deep sea
platformColor=47,79,79
spikeColor=255,20,147
breakablePlatformColor=25,25,112
springboardColor=65,105,225

[PLATFORMS]
# x, y, width, height
# 미로 바닥
0, 650, 4500, 70

# 벽
-50, 0, 50, 720
4500, 0, 50, 720

# 미로 구조 - 수직 벽들
200, 300, 30, 350
400, 0, 30, 400
600, 250, 30, 400
800, 0, 30, 350
1000, 300, 30, 350
1200, 0, 30, 450
1400, 250, 30, 400
1600, 0, 30, 380
1800, 280, 30, 370
2000, 0, 30, 420
2200, 300, 30, 350
2400, 0, 30, 400
2600, 250, 30, 400
2800, 0, 30, 380
3000, 280, 30, 370

# 미로 구조 - 수평 발판들 (복잡한 경로)
250, 450, 100, 20
450, 350, 100, 20
550, 470, 50, 20
650, 500, 120, 20
850, 400, 100, 20
1050, 550, 100, 20
1350, 270, 80, 20
1450, 350, 100, 20

1850, 400, 80, 20

2650, 500, 100, 20

3050, 550, 120, 20
3250, 450, 100, 20
3450, 350, 100, 20
3650, 500, 120, 20
3850, 400, 100, 20

# 추가 수평 발판 (다층 구조)
150, 250, 80, 20
550, 180, 80, 20
950, 220, 80, 20
2150, 180, 80, 20

2950, 180, 80, 20
3350, 220, 80, 20
3750, 180, 80, 20

[BREAKABLE_PLATFORMS]
# x, y, width, height
# 미로 내 부서지는 발판 (함정)
350, 600, 60, 15
700, 450, 70, 15
1100, 500, 65, 15
1500, 450, 70, 15
1900, 550, 65, 15
2300, 500, 130, 15
2700, 450, 65, 15
3100, 500, 70, 15
3500, 450, 65, 15
3900, 550, 70, 15

[SPIKES]
# x, y, width, height
# 미로 함정
300, 620, 60, 30
750, 620, 70, 30
1150, 620, 60, 30
1350, 100, 70, 30
1550, 620, 70, 30
1950, 620, 60, 30
2350, 620, 70, 30
2750, 620, 60, 30
3150, 620, 70, 30
3550, 620, 60, 30
3950, 620, 70, 30

1750, 220, 80, 20
2250, 450, 100, 20
2550, 220, 80, 20

[SPRINGBOARDS]
# x, y, width, height, propelHeight
100, 550, 120, 20, 15.0
1250, 540, 120, 20, 15.0
1650, 500, 100, 20, 15.0
2050, 550, 100, 20, 15.0
2450, 550, 120, 20, 15.0
#2850, 520, 100, 20, 15.0

[BUBBLE_SPAWNERS]
# x coordinates
500, 1000, 1500, 2000, 2500, 3000, 3500, 4000

[GOAL]
# x, y, width, height
2800, 600, 40, 40
